client_id,snapshot_id,seq_num,server_timestamp_ms,recv_time_ms,latency_ms,render_x,render_y
unknown_2071,0,0,1765487770182,1765487770292,110,0,0
player_2,109,110,1765487770342,1765487770452,110,0.0,1.0
player_2,110,111,1765487770392,1765487770499,107,0.0,1.0
player_2,0,113,1765487770448,1765487770550,102,0.0,1.0
player_2,0,0,1765487770448,1765487770551,103,0.0,1.0
player_2,111,112,1765487770447,1765487770562,115,0.0,1.0
player_2,112,114,1765487770504,1765487770598,94,0.0,1.0
player_2,0,0,1765487770583,1765487770676,93,0.0,1.0
player_2,113,115,1765487770580,1765487770677,97,0.0,1.0
player_2,0,0,1765487770582,1765487770686,104,0.0,1.0
player_2,114,116,1765487770633,1765487770739,106,0.0,1.0
player_2,115,117,1765487770684,1765487770784,100,0.0,1.0
player_2,116,118,1765487770734,1765487770909,175,0.0,1.0
player_2,117,119,1765487770792,1765487770909,117,0.0,1.0
player_2,118,120,1765487770891,1765487771017,126,0.0,1.0
player_2,119,121,1765487770949,1765487771062,113,0.0,1.0
player_2,120,122,1765487771021,1765487771123,102,0.36000000000000004,1.0
player_2,121,123,1765487771075,1765487771179,104,0.5904,1.0
player_2,122,124,1765487771129,1765487771248,119,0.3022848,1.0
player_2,123,125,1765487771182,1765487771302,120,0.15476981760000003,1.0
player_2,124,126,1765487771235,1765487771352,117,0.09905268326400002,1.0
player_2,125,127,1765487771290,1765487771394,104,0.07924214661120002,1.0
player_2,126,128,1765487771354,1765487771468,114,0.032457583251947524,1.0
player_2,127,129,1765487771411,1765487771506,95,0.020772853281246416,1.0
player_2,128,131,1765487771470,1765487771562,92,0.010635700879998164,1.0
player_2,0,130,1765487771469,1765487771564,95,0.010635700879998164,1.0
player_2,0,0,1765487771467,1765487771568,101,0.010635700879998164,1.0
player_2,129,132,1765487771527,1765487771631,104,0.0,1.488
player_2,130,133,1765487771581,1765487771678,97,0.0,1.67232
player_2,0,0,1765487771583,1765487771683,100,0.0,1.737856
player_2,0,0,1765487771584,1765487771688,104,0.0,1.737856
player_2,131,135,1765487771632,1765487771744,112,0.0,1.8657822720000001
player_2,132,136,1765487771699,1765487771808,109,0.0,1.931280523264
player_2,133,137,1765487771749,1765487771856,107,0.488,1.964815627911168
player_2,134,138,1765487771801,1765487771922,121,0.7378560000000001,1.9819856014905182
player_2,135,139,1765487771853,1765487771961,108,0.865782272,2.0
player_2,136,140,1765487771904,1765487772041,137,0.55410065408,2.0
player_2,137,141,1765487771956,1765487772068,112,0.3546244186112,2.0
player_2,138,142,1765487772010,1765487772120,110,0.226959627911168,2.0
player_2,139,143,1765487772080,1765487772194,114,0.09296266359241441,2.0
player_2,140,144,1765487772147,1765487772251,104,0.04759688375931618,2.0
player_2,141,145,1765487772183,1765487772280,97,0.23807750700745295,2.0
player_2,142,146,1765487772276,1765487772435,159,0.8721706175980556,2.0
player_2,143,147,1765487772331,1765487772459,128,0.8721706175980556,2.0
player_2,144,148,1765487772382,1765487772486,104,0.8977364940784445,2.0
player_2,145,150,1765487772460,1765487772553,93,0.9476410849681636,2.0
player_2,0,0,1765487772474,1765487772624,150,0.9476410849681636,2.0
player_2,0,0,1765487772474,1765487772630,156,0.9581128679745309,2.0
player_2,146,151,1765487772502,1765487772630,128,0.9581128679745309,2.0
player_2,147,152,1765487772581,1765487772705,124,0.9664902943796247,2.0
player_2,0,0,1765487772626,1765487772734,108,0.9785537884029598,2.0
player_2,0,0,1765487772626,1765487772734,108,0.9785537884029598,2.0
player_2,148,154,1765487772632,1765487772747,115,0.9785537884029598,2.0
player_2,149,155,1765487772684,1765487772805,121,0.9890195396623154,1.512
player_2,150,156,1765487772786,1765487772885,99,1.0,1.2097152
player_2,151,157,1765487772851,1765487772944,93,1.0,1.1342177279999999
player_2,0,0,1765487772875,1765487772983,108,1.0,1.08589934592
player_2,0,0,1765487772875,1765487772983,108,1.0,1.08589934592
player_2,152,159,1765487772921,1765487773032,111,1.0,1.0549755813888
player_2,153,160,1765487773012,1765487773124,112,1.67232,1.0180143985094818
player_2,154,161,1765487773057,1765487773186,129,1.83222784,1.0
player_2,155,162,1765487773119,1765487773213,94,1.8657822720000001,1.0
player_2,156,163,1765487773174,1765487773272,98,1.931280523264,1.0
player_2,157,164,1765487773225,1765487773327,102,1.964815627911168,1.0
player_2,158,165,1765487773276,1765487773375,99,1.9819856014905182,1.0
player_2,159,166,1765487773328,1765487773438,110,2.0,1.0
player_2,160,167,1765487773380,1765487773475,95,2.0,1.0
player_2,161,168,1765487773437,1765487773547,110,2.0,1.0
player_2,0,0,1765487773493,1765487773585,92,2.0,1.0
player_2,162,170,1765487773493,1765487773606,113,2.0,1.0
player_2,0,0,1765487773493,1765487773606,113,2.0,1.0
player_2,163,171,1765487773548,1765487773657,109,2.0,1.0
player_2,164,172,1765487773606,1765487773732,126,2.0,1.0
player_2,0,0,1765487773606,1765487773733,127,2.0,1.0
player_2,0,0,1765487773606,1765487773733,127,2.0,1.0
player_2,165,173,1765487773657,1765487773777,120,2.0,1.0
player_2,166,174,1765487773715,1765487773813,98,2.0,1.0
player_2,167,176,1765487773766,1765487773878,112,2.0,1.0
player_2,168,177,1765487773819,1765487773919,100,2.0,1.0
player_2,169,178,1765487773881,1765487773988,107,2.0,1.0
player_2,170,179,1765487773931,1765487774042,111,2.0,1.0
player_2,171,180,1765487773982,1765487774090,108,2.0,1.0
player_2,172,181,1765487774035,1765487774145,110,2.0,1.0
player_2,173,182,1765487774097,1765487774208,111,2.0,1.0
player_2,174,183,1765487774150,1765487774254,104,2.0,1.0
player_2,175,184,1765487774203,1765487774315,112,2.0,1.0
player_2,176,185,1765487774263,1765487774371,108,2.0,1.0
player_2,177,186,1765487774314,1765487774430,116,2.0,1.0
player_2,178,187,1765487774387,1765487774483,96,2.0,1.0
player_2,179,188,1765487774430,1765487774527,97,2.0,1.0
player_2,180,190,1765487774484,1765487774591,107,2.0,1.0
player_2,0,0,1765487774495,1765487774601,106,2.0,1.0
player_2,0,191,1765487774496,1765487774631,135,2.0,1.0
player_2,181,192,1765487774537,1765487774635,98,2.0,1.0
player_2,182,193,1765487774598,1765487774697,99,2.0,1.0
player_2,0,0,1765487774601,1765487774702,101,2.0,1.0
player_2,0,0,1765487774601,1765487774715,114,2.0,1.0
player_2,183,194,1765487774699,1765487774799,100,2.0,1.0
player_2,0,0,1765487774728,1765487774820,92,2.0,1.0
player_2,0,0,1765487774735,1765487774837,102,2.0,1.0
player_2,0,191,1765487774496,1765487774871,375,2.0,1.0
player_2,184,195,1765487774774,1765487774891,117,2.0,1.0
player_2,185,196,1765487774826,1765487774922,96,2.0,1.0
player_2,186,197,1765487774877,1765487774973,96,2.0,1.0
player_2,187,198,1765487774936,1765487775041,105,2.0,1.0
player_2,188,199,1765487774983,1765487775083,100,2.0,1.0
player_2,189,200,1765487775044,1765487775150,106,2.0,1.0
player_2,190,201,1765487775098,1765487775198,100,2.0,1.0
player_2,191,202,1765487775148,1765487775254,106,2.0,1.0
player_2,192,203,1765487775200,1765487775309,109,2.0,1.0
player_2,193,204,1765487775258,1765487775372,114,2.0,1.0
player_2,194,205,1765487775341,1765487775451,110,2.0,1.0
player_2,195,206,1765487775391,1765487775501,110,2.0,1.0
player_2,196,207,1765487775444,1765487775554,110,2.0,1.0
player_2,197,209,1765487775501,1765487775599,98,2.0,1.0
player_2,0,0,1765487775509,1765487775610,101,2.0,1.0
player_2,0,0,1765487775509,1765487775617,108,2.0,1.0
player_2,198,210,1765487775553,1765487775660,107,2.0,1.0
player_2,0,0,1765487775642,1765487775737,95,2.0,1.0
player_2,199,211,1765487775641,1765487775737,96,2.0,1.0
player_2,0,0,1765487775642,1765487775745,103,2.0,1.0
player_2,200,212,1765487775678,1765487775786,108,2.0,1.0
player_2,201,213,1765487775728,1765487775827,99,2.0,1.0
player_2,202,215,1765487775800,1765487775908,108,2.0,1.0
player_2,203,216,1765487775843,1765487775945,102,2.0,1.0
player_2,204,217,1765487775894,1765487775995,101,2.0,1.0
player_2,205,218,1765487775957,1765487776066,109,2.0,1.0
player_2,206,219,1765487776010,1765487776108,98,2.0,1.0
player_2,207,220,1765487776070,1765487776181,111,2.0,1.0
player_2,208,221,1765487776126,1765487776226,100,2.0,1.0
player_2,209,222,1765487776181,1765487776297,116,2.0,1.0
player_2,210,223,1765487776231,1765487776338,107,2.0,1.0
player_2,211,224,1765487776294,1765487776403,109,2.0,1.0
player_2,212,225,1765487776348,1765487776445,97,2.0,1.0
player_2,213,226,1765487776410,1765487776524,114,2.0,1.0
player_2,214,227,1765487776458,1765487776554,96,2.0,1.0
player_2,0,0,1765487776513,1765487776616,103,2.0,1.0
player_2,0,0,1765487776513,1765487776621,108,2.0,1.0
player_2,215,229,1765487776515,1765487776626,111,2.0,1.0
player_2,216,230,1765487776569,1765487776670,101,2.0,1.0
player_2,217,231,1765487776619,1765487776730,111,2.0,1.0
player_2,0,0,1765487776664,1765487776765,101,2.0,1.0
player_2,0,0,1765487776664,1765487776788,124,2.0,1.0
player_2,218,232,1765487776670,1765487776789,119,2.0,1.0
player_2,219,233,1765487776725,1765487776842,117,2.0,1.0
player_2,220,234,1765487776787,1765487776892,105,2.0,1.0
player_2,221,236,1765487776834,1765487776930,96,2.0,1.0
player_2,222,237,1765487776893,1765487777009,116,2.0,1.0
player_2,223,238,1765487776943,1765487777038,95,2.0,1.0
player_2,224,239,1765487776997,1765487777101,104,2.0,1.0
player_2,225,240,1765487777052,1765487777145,93,2.0,1.0
player_2,226,241,1765487777105,1765487777209,104,2.0,1.0
player_2,227,242,1765487777164,1765487777258,94,2.0,1.0
player_2,228,243,1765487777215,1765487777355,140,2.0,1.0
player_2,229,244,1765487777269,1765487777362,93,2.0,1.0
player_2,230,245,1765487777319,1765487777432,113,2.0,1.0
player_2,231,246,1765487777372,1765487777465,93,2.0,1.0
player_2,232,247,1765487777424,1765487777542,118,2.0,1.0
player_2,233,248,1765487777475,1765487777573,98,2.0,1.0
player_2,0,251,1765487777532,1765487777636,104,2.0,1.0
player_2,234,250,1765487777530,1765487777636,106,2.0,1.0
player_2,0,0,1765487777532,1765487777644,112,2.0,1.0
player_2,235,252,1765487777583,1765487777681,98,2.0,1.0
player_2,236,253,1765487777641,1765487777738,97,2.0,1.0
player_2,0,0,1765487777650,1765487777741,91,2.0,1.0
player_2,0,0,1765487777650,1765487777760,110,2.0,1.0
player_2,237,254,1765487777694,1765487777795,101,2.0,1.0
player_2,238,255,1765487777747,1765487777841,94,2.0,1.0
player_2,239,257,1765487777804,1765487777914,110,2.0,1.0
player_2,240,258,1765487777857,1765487777957,100,2.0,1.0
player_2,241,259,1765487777910,1765487778010,100,2.0,1.0
player_2,242,260,1765487777963,1765487778072,109,2.0,1.0
player_2,243,261,1765487778014,1765487778119,105,2.0,1.0
player_2,244,262,1765487778078,1765487778186,108,2.0,1.0
player_2,245,263,1765487778137,1765487778243,106,2.0,1.0
player_2,246,264,1765487778191,1765487778306,115,2.0,1.0
player_2,247,265,1765487778247,1765487778349,102,2.0,1.0
player_2,248,266,1765487778302,1765487778403,101,2.0,1.0
player_2,249,267,1765487778366,1765487778461,95,2.0,1.0
player_2,250,268,1765487778418,1765487778517,99,2.0,1.0
player_2,251,269,1765487778469,1765487778582,113,2.0,1.0
player_2,252,271,1765487778521,1765487778618,97,2.0,1.0
player_2,0,0,1765487778540,1765487778642,102,2.0,1.0
player_2,0,272,1765487778540,1765487778647,107,2.0,1.0
player_2,253,273,1765487778574,1765487778673,99,2.0,1.0
player_2,254,274,1765487778625,1765487778730,105,2.0,1.0
player_2,0,0,1765487778657,1765487778748,91,2.0,1.0
player_2,0,0,1765487778657,1765487778761,104,2.0,1.0
player_2,255,275,1765487778681,1765487778785,104,2.0,1.0
player_2,256,276,1765487778732,1765487778835,103,2.0,1.0
player_2,0,272,1765487778540,1765487778857,317,2.0,1.0
player_2,257,277,1765487778788,1765487778889,101,2.0,1.0
player_2,258,278,1765487778844,1765487778952,108,2.0,1.0
player_2,259,279,1765487778897,1765487778996,99,2.0,1.0
player_2,260,280,1765487778949,1765487779044,95,2.0,1.0
player_2,261,281,1765487778999,1765487779108,109,2.0,1.0
player_2,262,282,1765487779051,1765487779149,98,2.0,1.0
player_2,263,283,1765487779106,1765487779199,93,2.0,1.0
player_2,264,284,1765487779161,1765487779267,106,2.0,1.0
player_2,265,285,1765487779226,1765487779333,107,2.0,1.0
player_2,266,286,1765487779276,1765487779386,110,2.0,1.0
player_2,267,287,1765487779350,1765487779461,111,2.0,1.0
player_2,268,288,1765487779393,1765487779486,93,2.0,1.0
player_2,269,289,1765487779450,1765487779544,94,2.0,1.0
player_2,270,290,1765487779511,1765487779621,110,2.0,1.0
player_2,0,292,1765487779598,1765487779690,92,2.0,1.0
player_2,0,0,1765487779598,1765487779694,96,2.0,1.0
player_2,271,293,1765487779605,1765487779715,110,2.0,1.0
player_2,272,294,1765487779653,1765487779756,103,2.0,1.0
player_2,0,0,1765487779706,1765487779806,100,2.0,1.0
player_2,273,295,1765487779712,1765487779813,101,2.0,1.0
player_2,0,0,1765487779706,1765487779813,107,2.0,1.0
player_2,274,296,1765487779789,1765487779893,104,2.0,1.0
player_2,275,298,1765487779839,1765487779933,94,2.0,1.0
player_2,276,299,1765487779894,1765487779997,103,2.0,1.0
player_2,277,300,1765487779946,1765487780066,120,2.0,1.0
player_2,278,301,1765487780007,1765487780109,102,2.0,1.0
player_2,279,302,1765487780061,1765487780158,97,2.0,1.0
player_2,280,303,1765487780118,1765487780216,98,2.0,1.0
player_2,281,304,1765487780192,1765487780296,104,2.0,1.0
player_2,282,305,1765487780224,1765487780333,109,2.0,1.0
player_2,283,306,1765487780279,1765487780372,93,2.0,1.0
player_2,284,307,1765487780330,1765487780432,102,2.0,1.0
player_2,285,308,1765487780385,1765487780485,100,2.0,1.0
player_2,286,309,1765487780436,1765487780537,101,2.0,1.0
player_2,287,310,1765487780505,1765487780598,93,2.0,1.0
player_2,288,312,1765487780546,1765487780654,108,2.0,1.0
player_2,0,0,1765487780565,1765487780662,97,2.0,1.0
player_2,0,0,1765487780567,1765487780674,107,2.0,1.0
player_2,289,313,1765487780599,1765487780704,105,2.0,1.0
player_2,0,0,1765487780668,1765487780777,109,2.0,1.0
player_2,290,314,1765487780667,1765487780777,110,2.0,1.0
player_2,0,0,1765487780675,1765487780781,106,2.0,1.0
player_2,291,315,1765487780726,1765487780835,109,2.0,1.0
player_2,292,316,1765487780779,1765487780872,93,2.0,1.0
player_2,293,318,1765487780830,1765487780930,100,2.0,1.0
player_2,294,319,1765487780886,1765487780995,109,2.0,1.0
player_2,295,320,1765487780941,1765487781049,108,2.0,1.0
player_2,296,321,1765487781000,1765487781092,92,2.0,1.0
player_2,297,322,1765487781051,1765487781164,113,2.0,1.0
player_2,298,323,1765487781109,1765487781217,108,2.0,1.0
player_2,299,324,1765487781205,1765487781310,105,2.0,1.0
player_2,300,325,1765487781228,1765487781327,99,2.0,1.0
player_2,301,326,1765487781279,1765487781375,96,2.0,1.0
player_2,302,327,1765487781339,1765487781445,106,2.0,1.0
player_2,303,328,1765487781390,1765487781517,127,2.0,1.0
player_2,304,329,1765487781443,1765487781558,115,2.0,1.0
player_2,305,331,1765487781549,1765487781646,97,2.0,1.0
player_2,0,0,1765487781587,1765487781679,92,2.0,1.0
player_2,0,332,1765487781587,1765487781684,97,2.0,1.0
player_2,306,333,1765487781622,1765487781731,109,2.0,1.0
player_2,307,334,1765487781683,1765487781792,109,2.0,1.0
player_2,0,0,1765487781703,1765487781813,110,2.0,1.0
player_2,0,0,1765487781724,1765487781830,106,2.0,1.0
player_2,308,335,1765487781733,1765487781830,97,2.0,1.0
player_2,309,336,1765487781810,1765487781904,94,2.0,1.0
player_2,310,338,1765487781867,1765487781958,91,2.0,1.0
player_2,311,339,1765487781917,1765487782028,111,2.0,1.0
player_2,312,340,1765487781985,1765487782115,130,2.0,1.0
player_2,313,341,1765487782049,1765487782160,111,2.0,1.0
player_2,314,342,1765487782104,1765487782220,116,2.0,1.0
player_2,315,343,1765487782166,1765487782277,111,2.0,1.0
player_2,316,344,1765487782228,1765487782369,141,2.0,1.0
player_2,317,345,1765487782279,1765487782389,110,2.0,1.0
player_2,318,346,1765487782334,1765487782443,109,2.0,1.0
player_2,319,347,1765487782387,1765487782507,120,2.0,1.0
player_2,320,348,1765487782450,1765487782623,173,2.0,1.0
player_2,321,350,1765487782528,1765487782642,114,2.0,1.0
player_2,322,351,1765487782600,1765487782703,103,2.0,1.0
player_2,0,0,1765487782603,1765487782717,114,2.0,1.0
player_2,0,0,1765487782603,1765487782727,124,2.0,1.0
player_2,323,352,1765487782648,1765487782762,114,2.0,1.0
player_2,324,353,1765487782699,1765487782826,127,2.0,1.0
player_2,0,0,1765487782728,1765487782835,107,2.0,1.0
player_2,0,0,1765487782729,1765487782835,106,2.0,1.0
player_2,325,354,1765487782751,1765487782877,126,2.0,1.0
player_2,326,355,1765487782829,1765487782943,114,2.0,1.0
player_2,327,357,1765487782880,1765487782990,110,2.0,1.0
player_2,328,358,1765487782934,1765487783044,110,2.0,1.0
player_2,329,359,1765487782996,1765487783104,108,2.0,1.0
player_2,330,360,1765487783035,1765487783147,112,2.0,1.0
player_2,331,361,1765487783090,1765487783203,113,2.0,1.0
player_2,332,362,1765487783170,1765487783266,96,2.0,1.0
player_2,333,363,1765487783203,1765487783301,98,2.0,1.0
player_2,334,364,1765487783255,1765487783366,111,2.0,1.0
player_2,335,365,1765487783308,1765487783409,101,2.0,1.0
player_2,336,366,1765487783369,1765487783472,103,2.0,1.0
player_2,337,367,1765487783422,1765487783519,97,2.0,1.0
player_2,338,368,1765487783475,1765487783586,111,2.0,1.0
player_2,339,369,1765487783548,1765487783643,95,2.0,1.0
player_2,0,372,1765487783617,1765487783713,96,2.0,1.0
player_2,0,0,1765487783617,1765487783721,104,2.0,1.0
player_2,340,371,1765487783616,1765487783721,105,2.0,1.0
player_2,341,373,1765487783674,1765487783767,93,2.0,1.0
player_2,342,374,1765487783740,1765487783835,95,2.0,1.0
player_2,0,0,1765487783739,1765487783843,104,2.0,1.0
player_2,0,0,1765487783740,1765487783845,105,2.0,1.0
player_2,343,375,1765487783796,1765487783897,101,2.0,1.0
player_2,344,377,1765487783854,1765487783954,100,2.0,1.0
player_2,345,378,1765487783911,1765487784021,110,2.0,1.0
player_2,346,379,1765487783973,1765487784077,104,2.0,1.0
player_2,347,380,1765487784024,1765487784130,106,2.0,1.0
player_2,348,381,1765487784077,1765487784175,98,2.0,1.0
player_2,349,382,1765487784130,1765487784248,118,2.0,1.0
player_2,350,383,1765487784189,1765487784291,102,2.0,1.0
player_2,351,384,1765487784245,1765487784355,110,2.0,1.0
player_2,352,385,1765487784303,1765487784402,99,2.0,1.0
player_2,354,387,1765487784414,1765487784512,98,2.0,1.0
player_2,353,386,1765487784401,1765487784519,118,2.0,1.0
player_2,355,388,1765487784474,1765487784577,103,2.0,1.0
player_2,356,389,1765487784528,1765487784635,107,2.0,1.0
player_2,357,391,1765487784588,1765487784701,113,2.0,1.0
player_2,0,0,1765487784603,1765487784701,98,2.0,1.0
player_2,0,0,1765487784603,1765487784701,98,2.0,1.0
player_2,358,392,1765487784645,1765487784737,92,2.0,1.0
player_2,359,393,1765487784697,1765487784802,105,2.0,1.0
player_2,0,0,1765487784714,1765487784822,108,2.0,1.0
player_2,0,0,1765487784735,1765487784835,100,2.0,1.0
player_2,360,394,1765487784749,1765487784865,116,2.0,1.0
player_2,361,395,1765487784825,1765487784935,110,2.0,1.0
player_2,362,397,1765487784879,1765487784987,108,2.0,1.0
player_2,363,398,1765487784941,1765487785044,103,2.0,1.0
player_2,364,399,1765487784996,1765487785091,95,2.0,1.0
player_2,365,400,1765487785061,1765487785178,117,2.0,1.0
player_2,366,401,1765487785130,1765487785235,105,2.0,1.0
player_2,367,402,1765487785178,1765487785289,111,2.0,1.0
player_2,368,403,1765487785269,1765487785363,94,2.0,1.0
player_2,369,404,1765487785298,1765487785401,103,2.0,1.0
player_2,370,405,1765487785352,1765487785451,99,2.0,1.0
player_2,371,406,1765487785403,1765487785495,92,2.0,1.0
player_2,372,407,1765487785460,1765487785554,94,2.0,1.0
player_2,373,408,1765487785515,1765487785606,91,2.0,1.0
player_2,374,409,1765487785572,1765487785667,95,2.0,1.0
player_2,0,411,1765487785624,1765487785722,98,2.0,1.0
player_2,0,0,1765487785624,1765487785730,106,2.0,1.0
player_2,375,410,1765487785622,1765487785730,108,2.0,1.0
player_2,376,412,1765487785676,1765487785781,105,2.0,1.0
player_2,377,413,1765487785732,1765487785831,99,2.0,1.0
player_2,0,0,1765487785746,1765487785839,93,2.0,1.0
player_2,0,0,1765487785746,1765487785853,107,2.0,1.0
player_2,378,414,1765487785784,1765487785878,94,2.0,1.0
player_2,379,415,1765487785840,1765487785937,97,2.0,1.0
player_2,380,417,1765487785893,1765487786001,108,2.0,1.0
player_2,381,418,1765487785950,1765487786050,100,2.0,1.0
player_2,382,419,1765487786007,1765487786117,110,2.0,1.0
player_2,383,420,1765487786060,1765487786178,118,2.0,1.0
player_2,384,421,1765487786121,1765487786224,103,2.0,1.0
player_2,385,422,1765487786172,1765487786272,100,2.0,1.0
player_2,386,423,1765487786225,1765487786317,92,2.0,1.0
player_2,387,424,1765487786278,1765487786385,107,2.0,1.0
player_2,388,425,1765487786360,1765487786472,112,2.0,1.0
player_2,389,426,1765487786423,1765487786559,136,2.0,1.0
player_2,390,427,1765487786472,1765487786583,111,2.0,1.0
player_2,391,428,1765487786543,1765487786640,97,2.0,1.0
player_2,392,430,1765487786597,1765487786701,104,2.0,1.0
player_2,393,431,1765487786648,1765487786761,113,2.0,1.0
player_2,0,432,1765487786656,1765487786762,106,2.0,1.0
player_2,0,0,1765487786656,1765487786762,106,2.0,1.0
player_2,394,433,1765487786707,1765487786812,105,2.0,1.0
player_2,0,0,1765487786734,1765487786841,107,2.0,1.0
player_2,0,0,1765487786734,1765487786844,110,2.0,1.0
player_2,395,434,1765487786761,1765487786863,102,2.0,1.0
player_2,396,435,1765487786835,1765487786938,103,2.0,1.0
player_2,0,0,1765487786859,1765487786955,96,2.0,1.0
player_2,0,0,1765487786859,1765487786956,97,2.0,1.0
player_2,397,437,1765487786885,1765487787003,118,2.0,1.0
player_2,398,438,1765487786939,1765487787040,101,2.0,1.0
player_2,399,439,1765487787003,1765487787097,94,2.0,1.0
player_2,400,440,1765487787055,1765487787171,116,2.0,1.0
player_2,401,441,1765487787107,1765487787204,97,2.0,1.0
player_2,402,442,1765487787167,1765487787280,113,2.0,1.0
player_2,403,443,1765487787222,1765487787337,115,2.0,1.0
player_2,404,444,1765487787270,1765487787379,109,2.0,1.0
player_2,405,445,1765487787339,1765487787434,95,2.0,1.0
player_2,406,446,1765487787383,1765487787487,104,2.0,1.0
player_2,407,447,1765487787434,1765487787541,107,2.0,1.0
player_2,408,448,1765487787517,1765487787609,92,2.0,1.0
player_2,409,449,1765487787542,1765487787650,108,2.0,1.0
player_2,410,450,1765487787595,1765487787705,110,2.0,1.0
player_2,0,0,1765487787659,1765487787763,104,2.0,1.0
player_2,411,452,1765487787646,1765487787763,117,2.0,1.0
player_2,0,0,1765487787659,1765487787763,104,2.0,1.0
player_2,412,453,1765487787702,1765487787798,96,2.0,1.0
player_2,413,454,1765487787767,1765487787863,96,2.0,1.0
player_2,0,0,1765487787775,1765487787877,102,2.0,1.0
player_2,0,0,1765487787775,1765487787887,112,2.0,1.0
player_2,414,455,1765487787819,1765487787912,93,2.0,1.0
player_2,415,456,1765487787880,1765487787990,110,2.0,1.0
player_2,416,458,1765487787935,1765487788044,109,2.0,1.0
player_2,417,459,1765487787986,1765487788098,112,2.0,1.0
player_2,418,460,1765487788044,1765487788142,98,2.0,1.0
player_2,419,461,1765487788108,1765487788216,108,2.0,1.0
player_2,420,462,1765487788168,1765487788277,109,2.0,1.0
player_2,421,463,1765487788224,1765487788328,104,2.0,1.0
player_2,422,464,1765487788282,1765487788390,108,2.0,1.0
player_2,423,465,1765487788337,1765487788442,105,2.0,1.0
player_2,424,466,1765487788389,1765487788491,102,2.0,1.0
player_2,425,467,1765487788449,1765487788545,96,2.0,1.0
player_2,426,468,1765487788497,1765487788612,115,2.0,1.0
player_2,427,469,1765487788553,1765487788654,101,2.0,1.0
player_2,428,470,1765487788601,1765487788712,111,2.0,1.0
player_2,429,472,1765487788652,1765487788763,111,2.0,1.0
player_2,0,0,1765487788686,1765487788818,132,2.0,1.0
player_2,0,0,1765487788686,1765487788818,132,2.0,1.0
player_2,430,473,1765487788728,1765487788843,115,2.0,1.0
player_2,0,0,1765487788783,1765487788875,92,2.0,1.0
player_2,0,0,1765487788783,1765487788890,107,2.0,1.0
player_2,431,474,1765487788840,1765487788952,112,2.0,1.0
player_2,432,475,1765487788894,1765487789017,123,2.0,1.0
player_2,0,0,1765487788899,1765487789019,120,2.0,1.0
player_2,0,0,1765487788899,1765487789020,121,2.0,1.0
player_2,433,476,1765487788946,1765487789044,98,2.0,1.0
player_2,434,478,1765487788997,1765487789098,101,2.0,1.0
player_2,435,479,1765487789072,1765487789185,113,2.0,1.0
player_2,436,480,1765487789127,1765487789237,110,2.0,1.0
player_2,437,481,1765487789186,1765487789296,110,2.0,1.0
player_2,438,482,1765487789236,1765487789330,94,2.0,1.0
player_2,439,483,1765487789304,1765487789416,112,2.0,1.0
player_2,440,484,1765487789358,1765487789469,111,2.0,1.0
player_2,441,485,1765487789409,1765487789524,115,2.0,1.0
player_2,442,486,1765487789461,1765487789562,101,2.0,1.0
player_2,443,487,1765487789514,1765487789626,112,2.0,1.0
player_2,444,488,1765487789565,1765487789659,94,2.0,1.0
player_2,445,489,1765487789621,1765487789719,98,2.0,1.0
player_2,0,0,1765487789677,1765487789776,99,2.0,1.0
player_2,0,0,1765487789677,1765487789784,107,2.0,1.0
player_2,446,491,1765487789677,1765487789787,110,2.0,1.0
player_2,447,492,1765487789734,1765487789844,110,2.0,1.0
player_2,0,0,1765487789766,1765487789859,93,2.0,1.0
player_2,0,0,1765487789766,1765487789871,105,2.0,1.0
player_2,448,493,1765487789792,1765487789885,93,2.0,1.0
player_2,449,494,1765487789842,1765487789942,100,2.0,1.0
player_2,0,0,1765487789889,1765487789998,109,2.0,1.0
player_2,0,0,1765487789901,1765487789998,97,2.0,1.0
player_2,450,495,1765487789921,1765487790025,104,2.0,1.0
player_2,451,496,1765487789952,1765487790064,112,2.0,1.0
player_2,452,498,1765487790010,1765487790110,100,2.0,1.0
player_2,453,499,1765487790068,1765487790164,96,2.0,1.0
player_2,454,500,1765487790119,1765487790224,105,2.0,1.0
player_2,455,501,1765487790167,1765487790264,97,2.0,1.0
player_2,456,502,1765487790225,1765487790336,111,2.0,1.0
player_2,457,503,1765487790302,1765487790417,115,2.0,1.0
player_2,458,504,1765487790371,1765487790504,133,2.0,1.0
player_2,459,505,1765487790432,1765487790538,106,2.0,1.0
player_2,460,506,1765487790516,1765487790645,129,2.0,1.0
player_2,461,507,1765487790564,1765487790668,104,2.0,1.0
player_2,462,508,1765487790621,1765487790728,107,2.0,1.0
player_2,463,510,1765487790675,1765487790784,109,2.0,1.0
player_2,0,0,1765487790707,1765487790813,106,2.0,1.0
player_2,0,511,1765487790712,1765487790824,112,2.0,1.0
player_2,464,512,1765487790771,1765487790875,104,2.0,1.0
player_2,465,513,1765487790826,1765487790940,114,2.0,1.0
player_2,0,0,1765487790857,1765487790965,108,2.0,1.0
player_2,0,0,1765487790875,1765487790973,98,2.0,1.0
player_2,466,514,1765487790895,1765487791014,119,2.0,1.0
player_2,0,511,1765487790712,1765487791079,367,2.0,1.0
player_2,467,515,1765487790980,1765487791080,100,2.0,1.0
player_2,468,516,1765487791028,1765487791131,103,2.0,1.0
player_2,469,517,1765487791083,1765487791192,109,2.0,1.0
player_2,470,518,1765487791189,1765487791296,107,2.0,1.0
player_2,471,519,1765487791232,1765487791370,138,2.0,1.0
player_2,472,520,1765487791291,1765487791396,105,2.0,1.0
player_2,473,521,1765487791351,1765487791461,110,2.0,1.0
player_2,474,522,1765487791413,1765487791522,109,2.0,1.0
player_2,475,523,1765487791466,1765487791572,106,2.0,1.0
player_2,476,524,1765487791523,1765487791623,100,2.0,1.0
player_2,477,525,1765487791575,1765487791669,94,2.0,1.0
player_2,478,526,1765487791643,1765487791739,96,2.0,1.0
player_2,479,528,1765487791691,1765487791796,105,2.0,1.0
player_2,0,0,1765487791713,1765487791816,103,2.0,1.0
player_2,0,529,1765487791713,1765487791824,111,2.0,1.0
player_2,480,530,1765487791749,1765487791845,96,2.0,1.0
player_2,481,531,1765487791809,1765487791922,113,2.0,1.0
player_2,0,0,1765487791822,1765487791926,104,2.0,1.0
player_2,0,0,1765487791821,1765487791928,107,2.0,1.0
player_2,482,532,1765487791870,1765487791971,101,2.0,1.0
player_2,483,533,1765487791926,1765487792026,100,2.0,1.0
player_2,484,534,1765487791978,1765487792075,97,2.0,1.0
player_2,485,535,1765487792034,1765487792140,106,2.0,1.0
player_2,486,536,1765487792087,1765487792183,96,2.0,1.0
player_2,487,537,1765487792139,1765487792244,105,2.0,1.0
player_2,488,538,1765487792191,1765487792290,99,2.0,1.0
player_2,489,539,1765487792247,1765487792343,96,2.0,1.0
player_2,490,540,1765487792296,1765487792393,97,2.0,1.0
player_2,491,541,1765487792348,1765487792459,111,2.0,1.0
player_2,492,542,1765487792411,1765487792504,93,2.0,1.0
player_2,493,543,1765487792467,1765487792560,93,2.0,1.0
player_2,494,544,1765487792521,1765487792647,126,2.0,1.0
player_2,495,545,1765487792575,1765487792669,94,2.0,1.0
player_2,496,546,1765487792632,1765487792731,99,2.0,1.0
player_2,497,548,1765487792685,1765487792788,103,2.0,1.0
player_2,0,0,1765487792730,1765487792827,97,2.0,1.0
player_2,498,549,1765487792735,1765487792841,106,2.0,1.0
player_2,0,0,1765487792730,1765487792841,111,2.0,1.0
player_2,499,550,1765487792798,1765487792904,106,2.0,1.0
player_2,0,0,1765487792864,1765487792961,97,2.0,1.0
player_2,0,0,1765487792864,1765487792961,97,2.0,1.0
player_2,500,551,1765487792864,1765487792971,107,2.0,1.0
player_2,501,552,1765487792922,1765487793032,110,2.0,1.0
player_2,502,553,1765487792975,1765487793067,92,2.0,1.0
player_2,503,555,1765487793030,1765487793140,110,2.0,1.0
player_2,504,556,1765487793081,1765487793180,99,2.0,1.0
player_2,505,557,1765487793134,1765487793243,109,2.0,1.0
player_2,506,558,1765487793193,1765487793296,103,2.0,1.0
player_2,507,559,1765487793248,1765487793349,101,2.0,1.0
player_2,508,560,1765487793301,1765487793398,97,2.0,1.0
player_2,509,561,1765487793353,1765487793458,105,2.0,1.0
player_2,510,562,1765487793406,1765487793503,97,2.0,1.0
player_2,511,563,1765487793465,1765487793574,109,2.0,1.0
player_2,512,564,1765487793515,1765487793657,142,2.0,1.0
player_2,513,565,1765487793596,1765487793705,109,2.0,1.0
player_2,514,566,1765487793669,1765487793768,99,2.0,1.0
player_2,515,568,1765487793698,1765487793806,108,2.0,1.0
player_2,516,569,1765487793749,1765487793845,96,2.0,1.0
player_2,0,0,1765487793766,1765487793865,99,2.0,1.0
player_2,0,0,1765487793766,1765487793876,110,2.0,1.0
player_2,517,570,1765487793828,1765487793941,113,2.0,1.0
player_2,0,0,1765487793852,1765487793949,97,2.0,1.0
player_2,0,0,1765487793852,1765487793954,102,2.0,1.0
player_2,518,571,1765487793861,1765487793969,108,2.0,1.0
player_2,519,572,1765487793918,1765487794027,109,2.0,1.0
player_2,0,0,1765487793966,1765487794062,96,2.0,1.0
player_2,0,0,1765487793965,1765487794076,111,2.0,1.0
player_2,520,573,1765487793971,1765487794077,106,2.0,1.0
player_2,521,575,1765487794032,1765487794144,112,2.0,1.0
player_2,522,576,1765487794093,1765487794202,109,2.0,1.0
player_2,523,577,1765487794144,1765487794253,109,2.0,1.0
player_2,524,578,1765487794198,1765487794307,109,2.0,1.0
player_2,525,579,1765487794269,1765487794367,98,2.0,1.0
player_2,526,580,1765487794314,1765487794429,115,2.0,1.0
player_2,527,581,1765487794362,1765487794466,104,2.0,1.0
player_2,528,582,1765487794416,1765487794525,109,2.0,1.0
player_2,529,583,1765487794468,1765487794562,94,2.0,1.0
player_2,530,584,1765487794519,1765487794664,145,2.0,1.0
player_2,531,585,1765487794578,1765487794687,109,2.0,1.0
player_2,532,586,1765487794661,1765487794825,164,2.0,1.0
player_2,533,587,1765487794738,1765487794848,110,2.0,1.0
player_2,0,0,1765487794778,1765487794872,94,2.0,1.0
player_2,0,0,1765487794778,1765487794882,104,2.0,1.0
player_2,534,589,1765487794788,1765487794899,111,2.0,1.0
player_2,535,590,1765487794841,1765487794933,92,2.0,1.0
player_2,0,0,1765487794893,1765487794989,96,2.0,1.0
player_2,536,591,1765487794896,1765487794995,99,2.0,1.0
player_2,0,0,1765487794893,1765487794998,105,2.0,1.0
player_2,537,592,1765487794950,1765487795066,116,2.0,1.0
player_2,0,0,1765487794978,1765487795076,98,2.0,1.0
player_2,0,0,1765487794978,1765487795087,109,2.0,1.0
player_2,538,593,1765487795004,1765487795118,114,2.0,1.0
player_2,539,595,1765487795073,1765487795184,111,2.0,1.0
player_2,540,596,1765487795139,1765487795241,102,2.0,1.0
player_2,541,597,1765487795191,1765487795306,115,2.0,1.0
player_2,542,598,1765487795250,1765487795384,134,2.0,1.0
player_2,543,599,1765487795304,1765487795425,121,2.0,1.0
player_2,544,600,1765487795357,1765487795450,93,2.0,1.0
player_2,545,601,1765487795411,1765487795516,105,2.0,1.0
player_2,546,602,1765487795463,1765487795564,101,2.0,1.0
player_2,547,603,1765487795516,1765487795617,101,2.0,1.0
player_2,548,604,1765487795568,1765487795667,99,2.0,1.0
player_2,549,605,1765487795621,1765487795733,112,2.0,1.0
player_2,550,606,1765487795680,1765487795782,102,2.0,1.0
player_2,551,608,1765487795733,1765487795834,101,2.0,1.0
player_2,0,609,1765487795763,1765487795866,103,2.0,1.0
player_2,0,0,1765487795763,1765487795877,114,2.0,1.0
player_2,552,610,1765487795793,1765487795903,110,2.0,1.0
player_2,553,611,1765487795845,1765487795958,113,2.0,1.0
player_2,0,0,1765487795882,1765487795979,97,2.0,1.0
player_2,0,0,1765487795880,1765487795987,107,2.0,1.0
player_2,554,612,1765487795907,1765487796031,124,2.0,1.0
player_2,555,613,1765487795963,1765487796058,95,2.0,1.0
player_2,0,609,1765487795763,1765487796087,324,2.0,1.0
player_2,556,614,1765487796015,1765487796130,115,2.0,1.0
player_2,557,615,1765487796065,1765487796167,102,2.0,1.0
player_2,558,616,1765487796122,1765487796230,108,2.0,1.0
player_2,559,617,1765487796199,1765487796301,102,2.0,1.0
player_2,560,618,1765487796276,1765487796379,103,2.0,1.0
player_2,561,619,1765487796313,1765487796418,105,2.0,1.0
player_2,562,620,1765487796364,1765487796464,100,2.0,1.0
player_2,563,621,1765487796422,1765487796518,96,2.0,1.0
player_2,564,622,1765487796469,1765487796568,99,2.0,1.0
player_2,565,623,1765487796521,1765487796628,107,2.0,1.0
player_2,566,624,1765487796572,1765487796723,151,2.0,1.0
player_2,567,625,1765487796652,1765487796745,93,2.0,1.0
player_2,568,626,1765487796704,1765487796798,94,2.0,1.0
player_2,569,628,1765487796755,1765487796876,121,2.0,1.0
player_2,570,629,1765487796807,1765487796900,93,2.0,1.0
player_2,0,0,1765487796855,1765487796950,95,2.0,1.0
player_2,0,0,1765487796855,1765487796964,109,2.0,1.0
player_2,571,630,1765487796867,1765487796988,121,2.0,1.0
player_2,572,631,1765487796922,1765487797025,103,2.0,1.0
player_2,0,0,1765487796945,1765487797050,105,2.0,1.0
player_2,0,0,1765487796951,1765487797059,108,2.0,1.0
player_2,573,632,1765487796984,1765487797078,94,2.0,1.0
player_2,574,633,1765487797038,1765487797145,107,2.0,1.0
player_2,575,634,1765487797108,1765487797213,105,2.0,1.0
player_2,0,0,1765487797154,1765487797258,104,2.0,1.0
player_2,0,0,1765487797155,1765487797267,112,2.0,1.0
player_2,576,636,1765487797160,1765487797270,110,2.0,1.0
player_2,577,637,1765487797213,1765487797309,96,2.0,1.0
player_2,578,638,1765487797269,1765487797365,96,2.0,1.0
player_2,579,639,1765487797324,1765487797451,127,2.0,1.0
player_2,580,640,1765487797376,1765487797484,108,2.0,1.0
player_2,581,641,1765487797431,1765487797529,98,2.0,1.0
player_2,582,642,1765487797501,1765487797597,96,2.0,1.0
player_2,583,643,1765487797557,1765487797667,110,2.0,1.0
player_2,584,644,1765487797610,1765487797713,103,2.0,1.0
player_2,585,645,1765487797669,1765487797763,94,2.0,1.0
player_2,586,646,1765487797719,1765487797819,100,2.0,1.0
player_2,587,647,1765487797776,1765487797885,109,2.0,1.0
player_2,0,0,1765487797806,1765487797907,101,2.0,1.0
player_2,0,0,1765487797807,1765487797913,106,2.0,1.0
player_2,588,648,1765487797831,1765487797925,94,2.0,1.0
player_2,589,649,1765487797891,1765487797998,107,2.0,1.0
player_2,0,0,1765487797906,1765487798014,108,2.0,1.0
player_2,0,0,1765487797906,1765487798018,112,2.0,1.0
player_2,590,650,1765487797942,1765487798047,105,2.0,1.0
player_2,591,651,1765487798002,1765487798115,113,2.0,1.0
player_2,592,653,1765487798096,1765487798203,107,2.0,1.0
player_2,593,654,1765487798110,1765487798219,109,2.0,1.0
player_2,594,655,1765487798167,1765487798269,102,2.0,1.0
player_2,595,656,1765487798218,1765487798325,107,2.0,1.0
player_2,596,657,1765487798278,1765487798388,110,2.0,1.0
player_2,597,658,1765487798329,1765487798431,102,2.0,1.0
player_2,598,659,1765487798384,1765487798488,104,2.0,1.0
player_2,599,660,1765487798437,1765487798529,92,2.0,1.0
player_2,600,661,1765487798492,1765487798591,99,2.0,1.0
player_2,601,662,1765487798547,1765487798658,111,2.0,1.0
player_2,602,663,1765487798599,1765487798702,103,2.0,1.0
player_2,603,664,1765487798651,1765487798760,109,2.0,1.0
player_2,604,665,1765487798710,1765487798802,92,2.0,1.0
player_2,605,666,1765487798761,1765487798858,97,2.0,1.0
player_2,0,667,1765487798815,1765487798912,97,2.0,1.0
player_2,0,0,1765487798815,1765487798931,116,2.0,1.0
player_2,606,668,1765487798816,1765487798931,115,2.0,1.0
player_2,607,669,1765487798871,1765487798982,111,2.0,1.0
player_2,608,670,1765487798918,1765487799023,105,2.0,1.0
player_2,0,0,1765487798933,1765487799044,111,2.0,1.0
player_2,0,0,1765487798932,1765487799045,113,2.0,1.0
player_2,609,671,1765487798976,1765487799091,115,2.0,1.0
player_2,0,0,1765487799025,1765487799123,98,2.0,1.0
player_2,610,672,1765487799023,1765487799126,103,2.0,1.0
player_2,0,0,1765487799025,1765487799136,111,2.0,1.0
player_2,611,674,1765487799078,1765487799170,92,2.0,1.0
player_2,612,675,1765487799137,1765487799251,114,2.0,1.0
player_2,613,676,1765487799189,1765487799283,94,2.0,1.0
player_2,614,677,1765487799250,1765487799351,101,2.0,1.0
player_2,615,678,1765487799305,1765487799413,108,2.0,1.0
player_2,616,679,1765487799356,1765487799466,110,2.0,1.0
player_2,617,680,1765487799413,1765487799506,93,2.0,1.0
player_2,618,681,1765487799469,1765487799573,104,2.0,1.0
player_2,619,682,1765487799526,1765487799625,99,2.0,1.0
player_2,620,683,1765487799573,1765487799690,117,2.0,1.0
player_2,621,684,1765487799631,1765487799743,112,2.0,1.0
player_2,622,685,1765487799689,1765487799791,102,2.0,1.0
player_2,623,687,1765487799751,1765487799849,98,2.0,1.0
player_2,624,688,1765487799791,1765487799889,98,2.0,1.0
player_2,0,689,1765487799829,1765487799922,93,2.0,1.0
player_2,0,0,1765487799829,1765487799935,106,2.0,1.0
player_2,625,690,1765487799842,1765487799948,106,2.0,1.0
player_2,626,691,1765487799901,1765487799992,91,2.0,1.0
player_2,0,0,1765487799937,1765487800031,94,2.0,1.0
player_2,0,0,1765487799938,1765487800048,110,2.0,1.0
player_2,627,692,1765487799952,1765487800068,116,2.0,1.0
player_2,628,693,1765487800012,1765487800113,101,2.0,1.0
player_2,629,695,1765487800072,1765487800166,94,2.0,1.0
player_2,630,696,1765487800133,1765487800231,98,2.0,1.0
player_2,631,697,1765487800179,1765487800285,106,2.0,1.0
player_2,632,698,1765487800231,1765487800341,110,2.0,1.0
player_2,633,699,1765487800288,1765487800428,140,2.0,1.0
player_2,634,700,1765487800340,1765487800441,101,2.0,1.0
player_2,635,701,1765487800399,1765487800507,108,2.0,1.0
player_2,636,702,1765487800452,1765487800546,94,2.0,1.0
player_2,637,703,1765487800500,1765487800592,92,2.0,1.0
player_2,638,704,1765487800552,1765487800658,106,2.0,1.0
player_2,639,705,1765487800608,1765487800713,105,2.0,1.0
player_2,640,706,1765487800659,1765487800771,112,2.0,1.0
player_2,641,707,1765487800721,1765487800814,93,2.0,1.0
player_2,642,708,1765487800782,1765487800880,98,2.0,1.0
player_2,0,0,1765487800866,1765487800959,93,2.0,1.0
player_2,643,709,1765487800862,1765487800964,102,2.0,1.0
player_2,0,710,1765487800866,1765487800975,109,2.0,1.0
player_2,644,711,1765487800915,1765487801008,93,2.0,1.0
player_2,0,0,1765487800952,1765487801054,102,2.0,1.0
player_2,0,0,1765487800952,1765487801056,104,2.0,1.0
player_2,645,712,1765487800967,1765487801064,97,2.0,1.0
player_2,646,713,1765487801020,1765487801129,109,2.0,1.0
player_2,647,714,1765487801072,1765487801168,96,2.0,1.0
player_2,648,716,1765487801137,1765487801239,102,2.0,1.0
player_2,649,717,1765487801194,1765487801299,105,2.0,1.0
player_2,650,718,1765487801246,1765487801358,112,2.0,1.0
player_2,651,719,1765487801304,1765487801437,133,2.0,1.0
player_2,652,720,1765487801359,1765487801464,105,2.0,1.0
player_2,653,721,1765487801429,1765487801554,125,2.0,1.0
player_2,654,722,1765487801467,1765487801562,95,2.0,1.0
player_2,655,723,1765487801518,1765487801638,120,2.0,1.0
player_2,656,724,1765487801569,1765487801680,111,2.0,1.0
player_2,657,725,1765487801638,1765487801738,100,2.0,1.0
player_2,658,726,1765487801702,1765487801826,124,2.0,1.0
player_2,659,727,1765487801753,1765487801849,96,2.0,1.0
player_2,660,729,1765487801825,1765487801931,106,2.0,1.0
player_2,0,730,1765487801833,1765487801931,98,2.0,1.0
player_2,0,0,1765487801832,1765487801932,100,2.0,1.0
player_2,661,731,1765487801891,1765487801985,94,2.0,1.0
player_2,662,732,1765487801944,1765487802043,99,2.0,1.0
player_2,0,0,1765487801956,1765487802056,100,2.0,1.0
player_2,0,0,1765487801956,1765487802067,111,2.0,1.0
player_2,663,733,1765487801994,1765487802098,104,2.0,1.0
player_2,664,734,1765487802046,1765487802141,95,2.0,1.0
player_2,665,735,1765487802103,1765487802208,105,2.0,1.0
player_2,666,737,1765487802159,1765487802260,101,2.0,1.0
player_2,667,738,1765487802220,1765487802326,106,2.0,1.0
player_2,668,739,1765487802270,1765487802370,100,2.0,1.0
player_2,669,740,1765487802322,1765487802429,107,2.0,1.0
player_2,670,741,1765487802375,1765487802478,103,2.0,1.0
player_2,671,742,1765487802451,1765487802557,106,2.0,1.0
player_2,672,743,1765487802485,1765487802593,108,2.0,1.0
player_2,673,744,1765487802557,1765487802666,109,2.0,1.0
player_2,674,745,1765487802626,1765487802749,123,2.0,1.0
player_2,675,746,1765487802671,1765487802776,105,2.0,1.0
player_2,676,747,1765487802773,1765487802879,106,2.0,1.0
player_2,677,749,1765487802839,1765487802934,95,2.0,1.0
player_2,0,750,1765487802877,1765487802975,98,2.0,1.0
player_2,0,0,1765487802877,1765487802985,108,2.0,1.0
player_2,678,751,1765487802890,1765487802985,95,2.0,1.0
player_2,679,752,1765487802945,1765487803039,94,2.0,1.0
player_2,0,0,1765487802989,1765487803087,98,2.0,1.0
player_2,0,0,1765487802991,1765487803088,97,2.0,1.0
player_2,680,753,1765487803012,1765487803119,107,2.0,1.0
player_2,681,754,1765487803070,1765487803173,103,2.0,1.0
player_2,682,756,1765487803130,1765487803237,107,2.0,1.0
player_2,683,757,1765487803191,1765487803289,98,2.0,1.0
player_2,684,758,1765487803244,1765487803351,107,2.0,1.0
player_2,685,759,1765487803312,1765487803417,105,2.0,1.0
player_2,686,760,1765487803363,1765487803474,111,2.0,1.0
player_2,687,761,1765487803419,1765487803515,96,2.0,1.0
player_2,688,762,1765487803475,1765487803575,100,2.0,1.0
player_2,689,763,1765487803527,1765487803644,117,2.0,1.0
player_2,690,764,1765487803595,1765487803695,100,2.0,1.0
player_2,691,765,1765487803648,1765487803763,115,2.0,1.0
player_2,692,766,1765487803720,1765487803818,98,2.0,1.0
player_2,693,767,1765487803777,1765487803881,104,2.0,1.0
player_2,694,768,1765487803830,1765487803936,106,2.0,1.0
player_2,695,769,1765487803883,1765487803986,103,2.0,1.0
player_2,696,771,1765487803936,1765487804037,101,2.0,1.0
player_2,0,0,1765487803927,1765487804051,124,2.0,1.0
player_2,0,770,1765487803927,1765487804052,125,2.0,1.0
player_2,0,0,1765487803999,1765487804097,98,2.0,1.0
player_2,697,772,1765487803989,1765487804100,111,2.0,1.0
player_2,0,0,1765487804000,1765487804111,111,2.0,1.0
player_2,698,773,1765487804057,1765487804162,105,2.0,1.0
player_2,0,0,1765487804096,1765487804197,101,2.0,1.0
player_2,0,0,1765487804096,1765487804203,107,2.0,1.0
player_2,0,770,1765487803927,1765487804245,318,2.0,1.0
player_2,699,774,1765487804126,1765487804253,127,2.0,1.0
player_2,700,775,1765487804168,1765487804265,97,2.0,1.0
player_2,701,776,1765487804252,1765487804355,103,2.0,1.0
player_2,702,777,1765487804271,1765487804373,102,2.0,1.0
player_2,703,778,1765487804360,1765487804469,109,2.0,1.0
player_2,704,779,1765487804379,1765487804476,97,2.0,1.0
player_2,705,780,1765487804440,1765487804542,102,2.0,1.0
